&general_param
datadir = "../../../data/bump/arp/877D",
prefix = "arp_877D",
model = "arp",
colorlog = .true.,
default_seed = .true.,
/

&driver_param
method = "loc",
strategy = "common",
write_vbal = .false.,
new_hdiag = .true.,
write_lct = .false.,
write_nicas = .false.,
write_obsop = .false.,
/

&model_param
nl = 1,
levs = 35,68,69,70,71,72,73,74,75,76,77,78,79,80,81,82,83,84,85,86,87,88,89,90,91,92,93,94,95,96,97,98,99,100,
logpres = .true.,
nv = 1,
varname = "TEMPERATURE","HUMI.SPECIFI",
addvar2d = "","",
nts = 2,
timeslot = 0,6,
/

&ens1_param
ens1_ne = 50,
ens1_nsub = 1,
/

&ens2_param
ens2_nsub = 1,
/

&sampling_param
sam_read = .true.,
mask_th = 0,
nc1 = 3500,
nc2 = 3500,
ntry = 30,
nc3 = 50,
dc = 100.0e3,
nl0r = 1,
/

&diag_param
ne = 50,
vbal_block = .false.,.false.,false.,
vbal_rad = 3000.0e3,
var_niter = 10,
var_rhflt = 500.0e3,
local_rad = 3000.0e3,
adv_diag = .true.,
adv_rad = 1000.0e3,
adv_niter = 10,
adv_rhflt = 100.0e3,
/

&fit_param
lct_nscales = 1,
/

&nicas_param
resol = 6.0,
fast_sampling = .true.,
subsamp = "hvh",
mpicom = 2,
rh = 2500.0e3,
rv = 0.05,
ndir = 132,
londir = -165.0,-135.0,-105.0,-75.0,-45.0,-15.0,15.0,45.0,75.0,105.0,135.0,165.0,-165.0,-135.0,-105.0,-75.0,-45.0,-15.0,15.0,45.0,75.0,105.0,135.0,165.0,-165.0,-135.0,-105.0,-75.0,-45.0,-15.0,15.0,45.0,75.0,105.0,135.0,165.0,-165.0,-135.0,-105.0,-75.0,-45.0,-15.0,15.0,45.0,75.0,105.0,135.0,165.0,-165.0,-135.0,-105.0,-75.0,-45.0,-15.0,15.0,4,
latdir = -75.0,-75.0,-75.0,-75.0,-75.0,-75.0,-75.0,-75.0,-75.0,-75.0,-75.0,-75.0,-60.0,-60.0,-60.0,-60.0,-60.0,-60.0,-60.0,-60.0,-60.0,-60.0,-60.0,-60.0,-45.0,-45.0,-45.0,-45.0,-45.0,-45.0,-45.0,-45.0,-45.0,-45.0,-45.0,-45.0,-30.0,-30.0,-30.0,-30.0,-30.0,-30.0,-30.0,-30.0,-30.0,-30.0,-30.0,-30.0,-15.0,-15.0,-15.0,-15.0,-15.0,-15.0,-15.0,-15,
levdir = 70,70,70,70,70,70,70,70,70,70,70,70,70,70,70,70,70,70,70,70,70,70,70,70,70,70,70,70,70,70,70,70,70,70,70,70,70,70,70,70,70,70,70,70,70,70,70,70,70,70,70,70,70,70,70,70,70,70,70,70,70,70,70,70,70,70,70,70,70,70,70,70,70,70,70,70,70,70,70,70,70,70,70,70,70,70,70,70,70,70,70,70,70,70,70,70,70,70,70,70,70,70,70,70,70,70,70,70,70,70,70,,
ivdir = 1,1,1,1,1,1,1,1,1,1,1,1,1,1,1,1,1,1,1,1,1,1,1,1,1,1,1,1,1,1,1,1,1,1,1,1,1,1,1,1,1,1,1,1,1,1,1,1,1,1,1,1,1,1,1,1,1,1,1,1,1,1,1,1,1,1,1,1,1,1,1,1,1,1,1,1,1,1,1,1,1,1,1,1,1,1,1,1,1,1,1,1,1,1,1,1,1,1,1,1,1,1,1,1,1,1,1,1,1,1,1,1,1,1,1,1,1,1,1,1,1,1,1,1,1,1,1,1,1,1,1,1,
itsdir = 1,1,1,1,1,1,1,1,1,1,1,1,1,1,1,1,1,1,1,1,1,1,1,1,1,1,1,1,1,1,1,1,1,1,1,1,1,1,1,1,1,1,1,1,1,1,1,1,1,1,1,1,1,1,1,1,1,1,1,1,1,1,1,1,1,1,1,1,1,1,1,1,1,1,1,1,1,1,1,1,1,1,1,1,1,1,1,1,1,1,1,1,1,1,1,1,1,1,1,1,1,1,1,1,1,1,1,1,1,1,1,1,1,1,1,1,1,1,1,1,1,1,1,1,1,1,1,1,1,1,1,1,
/

&obsop_param
nobs = 100,
obsdis = "adjusted",
/

&output_param
diag_rhflt = 1000.0e3,
grid_output = .true.,
grid_resol = 100.0e3,
/

